apk_name:db43287d1a5ed249c4376ff6eb4a5ae65c63ceade7100229555aebf4a13cebf7
node_number:31641
edge_number:67834
fcg_graph_time:18.776515007019043
pattern_find_time:318.8008053302765
