apk_name:8d06c9159ce70dda0718b00b2f170fbca2c16bde088343d14da746d657351ef1
node_number:44663
edge_number:102925
fcg_graph_time:24.157594919204712
pattern_find_time:1415.213295698166
