apk_name:d2ce55590156c8a1cdbde1109d81d4a5a2cfbc7348be87dce6020788e694ad43
node_number:28074
edge_number:54788
fcg_graph_time:8.130382061004639
pattern_find_time:3605.2186698913574
