apk_name:52adb34cc01aa8d034d71672f3efe02c8617641ee77bf6c5eb6806e834550934
node_number:0
edge_number:0
fcg_graph_time:0.01500248908996582
pattern_find_time:4.673030853271484
