apk_name:5839066d09e52d1e406648058dabf1ee979e3139bfc44713c82410bd28c705ad
node_number:47894
edge_number:101236
fcg_graph_time:16.99385690689087
pattern_find_time:3608.2513778209686
