apk_name:3c0a9db3f1df04e23c5b8bd711402570a370474853df2541ef187b9997721bc3
node_number:13609
edge_number:31061
fcg_graph_time:30.04884123802185
pattern_find_time:2317.6452264785767
