apk_name:d3d80d736245674492327ca0315488ea9ddc670278f84e52daca313751344526
node_number:30887
edge_number:63022
fcg_graph_time:23.846972942352295
pattern_find_time:3609.0598587989807
