apk_name:5f3fa1f3b6596e853a3c679f1d2a60e1cb598cd072e225f18e3e25d7ab64cf8e
node_number:23592
edge_number:46951
fcg_graph_time:6.656792402267456
pattern_find_time:3604.4090733528137
