apk_name:e71dc11e8609f6fd84b7af78486b05a6f7a2c75ed49a46026e463e9f86877801
node_number:59178
edge_number:129329
fcg_graph_time:30.954525232315063
pattern_find_time:3606.259741783142
