apk_name:bf986d22532c83668f6772b2748c8e528f265ea1d26ee107ae1b87355bf3bcae
node_number:0
edge_number:0
fcg_graph_time:0.04700279235839844
pattern_find_time:5.067999601364136
