apk_name:747d1a30332a8731bc4f41f2381c7b9ce16047e5cf5933db1aa310edc0db41f8
node_number:43419
edge_number:99211
fcg_graph_time:13.23517107963562
pattern_find_time:3607.398617506027
