apk_name:f9dd9594f7203d620b82668a127b3cf4a6562bec3ab9b111a699fb217e9b0ec2
node_number:50639
edge_number:112919
fcg_graph_time:30.075511693954468
pattern_find_time:3607.7736027240753
