apk_name:4d431fe4cf84f13895d113f8e47e9fc9e884acffae9a66ff216f95d7cd5bd652
node_number:0
edge_number:0
fcg_graph_time:11.22848892211914
pattern_find_time:7.1476991176605225
