apk_name:766a234ca74912dffade44f357fbe5006d01b83a389ea49af1560dbc02387d56
node_number:0
edge_number:0
fcg_graph_time:11.23829436302185
pattern_find_time:7.73991060256958
