apk_name:1b8d5b68803f4e27bb0ffdbbc383b2d9b1630cd20a289ea9ce8400649a808261
node_number:46439
edge_number:109693
fcg_graph_time:22.608924627304077
pattern_find_time:7.997075319290161
