apk_name:aea401d9b4c1ec385992b465c02e7c33d9eebc14e28f14ac14214bfd2f93c7bd
node_number:53898
edge_number:118113
fcg_graph_time:14.469919443130493
pattern_find_time:3605.389641523361
