apk_name:0cab88bb37fee06cf354d257ec5f27b0714e914b8199c03ae87987f6fa807efc
node_number:13883
edge_number:22476
fcg_graph_time:2.9810285568237305
pattern_find_time:3604.4160964488983
