apk_name:ea5742cf2a6087577028049e47ecb4a24c9a6e7db872a8c90ee0145f22811599
node_number:0
edge_number:0
fcg_graph_time:0.012998342514038086
pattern_find_time:4.826977729797363
