apk_name:e5da7d1517ceca781edb750bd3042e5e0f66d7773fe256b5802e6c13f5db34e0
node_number:0
edge_number:0
fcg_graph_time:0.04900026321411133
pattern_find_time:6.320048570632935
