apk_name:3fd6a5138ba1b91bd15181ca337ba0fff6371d32a901289012ed40080b82fb8d
node_number:13524
edge_number:29543
fcg_graph_time:17.482601165771484
pattern_find_time:971.9310367107391
