apk_name:a42e141443f94e08c76dc92bdeb1243db8bd1618622c974b883381ddf243a55f
node_number:0
edge_number:0
fcg_graph_time:1.1503102779388428
pattern_find_time:6.451373100280762
