apk_name:b5a64791728aa641838d2a478375f5d46f91c91b8df0cde34b21dda2d4d7d8a1
node_number:0
edge_number:0
fcg_graph_time:0.15321874618530273
pattern_find_time:11.214239120483398
