apk_name:40738b080f7cc96efe008f0584dc00b10cb9b387851215a9ab956ffcf0c9efa7
node_number:34716
edge_number:87319
fcg_graph_time:13.183372735977173
pattern_find_time:1470.8356788158417
