apk_name:734363b849d289e23d385b8c1d3490f5a20f9a3baee890973fb645d4586cd6e4
node_number:0
edge_number:0
fcg_graph_time:1.2560460567474365
pattern_find_time:6.848453760147095
