apk_name:e3c340b73646348115cc387f793a9cf3677a089423d07b6ab9ddc17bea6232f3
node_number:56474
edge_number:124874
fcg_graph_time:37.60558533668518
pattern_find_time:3609.3036575317383
