apk_name:64ebe9b975de022b888f17db429af3a93d3db95db5af274e3eefd3ca7f24e350
node_number:0
edge_number:0
fcg_graph_time:11.256356477737427
pattern_find_time:5.577263116836548
