apk_name:1953b665cf16800345d995b2454a19cd6a253d792804abc568d2391cf5165028
node_number:23221
edge_number:50507
fcg_graph_time:7.894809007644653
pattern_find_time:1853.7989325523376
