apk_name:381620b5fc7c3a2d73e0135c6b4ebd91e117882f804a4794f3a583b3b0c19bc5
node_number:46759
edge_number:115335
fcg_graph_time:22.59139847755432
pattern_find_time:844.0086555480957
