apk_name:e45cd99a664c5bb68ea7ab8e8f47f329bd01dc1193106e25962478b5259c0009
node_number:0
edge_number:0
fcg_graph_time:0.04599738121032715
pattern_find_time:5.576528310775757
