apk_name:83c3bfd939befb14723efd2aba24cb9cd9783aad0e104484e0f4fb6a4ed0a656
node_number:51754
edge_number:132279
fcg_graph_time:29.810452938079834
pattern_find_time:3607.3055233955383
