apk_name:e3c83bb1acb4c2132cce2c849fa98a336593825746d44aa20ea2c2beb86c003b
node_number:26240
edge_number:49660
fcg_graph_time:6.4154980182647705
pattern_find_time:7980.437980890274
