apk_name:164322de2c46d4244341e250a3d44165
node_number:43946
edge_number:97561
fcg_graph_time:21.309847116470337
pattern_find_time:3605.7621097564697
