apk_name:f8050e0682d5316ab63fe2eaf8ef0a6d915d45f455bf3f9204bd46a066b087a9
node_number:30476
edge_number:60962
fcg_graph_time:7.699040174484253
pattern_find_time:3605.576763153076
