apk_name:f0ea929501a599b214025f0e2d3e6d2304cc23be10f6c61c02c4ba5f05a9f0ae
node_number:60654
edge_number:131696
fcg_graph_time:19.844679355621338
pattern_find_time:3605.8130764961243
