apk_name:e81c3278f46f480ea3c0dda21b2781700ca438c6a4287d4746ba527134c6e71e
node_number:23425
edge_number:44726
fcg_graph_time:16.880661010742188
pattern_find_time:3606.065031528473
