apk_name:aabb57bf1f492c9a3b9c43109b89d5b691b7250e569a1589d1be4e8bf7a80820
node_number:0
edge_number:0
fcg_graph_time:1.273223876953125
pattern_find_time:6.68852162361145
