apk_name:10e3ceb69f1e4818ebd5e481f9c86c076cd15052559553fdf1a52a00a8059208
node_number:55714
edge_number:120446
fcg_graph_time:19.455862760543823
pattern_find_time:3606.3624391555786
