apk_name:776b0a9e5d06a239579ea758c76db46dc0fcd5662bc8d257ed97ec9af5a1b844
node_number:55665
edge_number:117449
fcg_graph_time:30.92300510406494
pattern_find_time:464.4713177680969
