apk_name:a9a9afec9b01256afc6b0a8cd91bf23f66c9d5a08dbeb4714c6b73575110cd40
node_number:42022
edge_number:91413
fcg_graph_time:25.300666093826294
pattern_find_time:3607.2066230773926
