apk_name:bacf333a8e27aa1928c9fe63f2aefd7be305bb56cd8d8cd290d11f73e4b6dcc7
node_number:0
edge_number:0
fcg_graph_time:0.04794645309448242
pattern_find_time:6.684840679168701
