apk_name:0d349d085c81fde9febc3b67d615ff35b6823d1742f6039aff4f2b8a68f06bfb
node_number:19384
edge_number:33434
fcg_graph_time:19.030792951583862
pattern_find_time:3630.9094450473785
