apk_name:7876fe4c7c93eacac7d176ced5a6fad30388423fd30d1a37e0abae1f9a86bde9
node_number:46370
edge_number:92706
fcg_graph_time:20.05940818786621
pattern_find_time:3611.0634791851044
