apk_name:52209fa52052b8086ae5213d0a51c053ca07a6f36a131f2627be55db17f39ae7
node_number:49619
edge_number:123461
fcg_graph_time:16.07544207572937
pattern_find_time:3605.7410147190094
