apk_name:894d2d9b7076d468dd127ecd65d87d737e7213e3dff523c382413543c68f2d64
node_number:41486
edge_number:87649
fcg_graph_time:27.434916257858276
pattern_find_time:3609.1232652664185
