apk_name:d34598835b28a6ad070dd0986b0bbc336c8ba7cac9a9a22d6b3c6a99049242a6
node_number:48685
edge_number:104276
fcg_graph_time:18.647324562072754
pattern_find_time:500.31255650520325
