apk_name:779f7caff09f9d96e298a50b9157148b43448a40a843e99a917645d2a9ce03cc
node_number:19054
edge_number:32689
fcg_graph_time:5.648454904556274
pattern_find_time:3606.474303007126
