apk_name:dab6e89b5c75cf2e2ce4a6fc6c11024a669a2c0979970f7fa9e787858f6e1033
node_number:42928
edge_number:90286
fcg_graph_time:13.15575361251831
pattern_find_time:3605.630292415619
