apk_name:22581e7e76a09d404d093ab755888743b4c908518c47af66225e2da991d112f0
node_number:1473
edge_number:3598
fcg_graph_time:0.5474026203155518
pattern_find_time:5.723172903060913
