apk_name:5395936963df4d72b365fd30ab52a00a88f8a5f75336ba84ac8a9fc369e0f811
node_number:0
edge_number:0
fcg_graph_time:0.0029783248901367188
pattern_find_time:5.7181408405303955
